lat = 49.579645
lon = 11.686765
elev = 528

tz = 'Europe/Berlin'
